00000000000000000000000000000000000000000000000000000000000000000000000000000000000000000000000000000
01111111110000000000000000001111111100000000000011111111111000000000000000000001111111111000000000000
01111111100000000000111111111111111110000000001111111111110000000000000000000111111111111000000000000
01111111000000000000111111111111111111000000011111111111100000000000000000001111111111111000000000000
01111110000000000001111111111111111111000000011111111111000000000000000000001111111111110000000000000
01111000000000000111111111111111111111000000111111111100000000000000000000011111111111110000000000000
01100000000000111111111111111111111111000000111111111000000000000000000000011111111111110000000000000
01000000000011111111111000011111111111000000011111110000000000000000000000111111111111110000000000000
01000000000011111111110000000111111111000000011111110000000000000000000000111111111111110000000000000
00000000000111111111000000000011111111100000000111100000000000000000000001111111111111110000000000000
00000000000111111111000000000000111111100000000000000000000000000000000111111111001111111000000000000
00000000000111111111000000000000001111111111111000000000000000000000000011111110000111111110000000000
00000000000111111110000000000000000111111111111100000000000000000000000011111100000111111111000000000
00000000000111111100000000000000000111111111111110000000000000000000000001110000000111111111110000000
00000000000111111100000000000000000111111111111110000000000000000000000000000000000011111111111100000
01000000000011111000000000000000000111111111111110000000000000000000000000000000000011111111111111000
01111111000011110000000000000000000011111111111110000000000000000000000000000000000011111111111111100
01111111100000000000000000000000000011111111111111000000000000000000000000000000000001111111111111100
01111111110000000000000000000000000011111111111111000000000000000000000000000000000001111111111111100
01111111110000000000000000000000000000111111111111000000000000000000000000000000000000011111111111100
01111111110000000000000000000000000000000111111111000000000000000000000000000000000000000000111111100
00111111111111111110000000000000000000000111111110000000000011111111111000000000000000000000111111110
00111111111111111111100000000000000000000011111100000000000011111111111100000000000000000000111111110
00011111111111111111100000000000000000000000000000000000000111111111111110000000000000000000111111110
00011111111111111111100000000000000000000000000000000000000111111111111111000000000000000000111111110
00001111111111111111100000000000000000000000000000000000001111111111111111000000000000000000111111110
00000111111111111111100000000000000111000000000000000000001111111111111111000000000000000000111111110
00000011111111111111100000000000001111100000000000000000001111111111111111000000000000000000111111110
00000001111111111111100000000000011111100000000000000000001111111111111110000000000000000001111111110
00000000001111111111000000000000111111110000000000000000000111110000011000000000000000000001111111110
00000000000000010000000000000001111111110000000000000000000000000000000000000000000000000001111111110
00000000000000000000000000000001111111100000000000000000000000000000001111111111100000000001111111110
00000000000000000000000000000001111111100000000000000000000000000000011111111111110000000000111111100
00000000000000000000000000000001111111000000000000000000000000000000011111111111111000000000111111000
00000000000000000000000000000000111110000000000000000000000000000000011111111111111000000000011111000
00000000000000000000000000000000011000000000000000000000000000000000011111111111111000000000011111000
00000000000000000000000000000000000000000000000000000000000000000000011111111111110000000000011110000
00000000000000000000000000000000000000000000000000000000000000000000011111111111110000000000011111000
00000000000000000000000000000000000000000000000000000111000000000000001111111111100000000000011111000
00000000000000000000000000000000000000000000000000001111110000000000001111111111100000000000111111100
00000000000011111110000000000000000000000011111110011111111100000000000000000000000000000001111111110
00000000001111111111110000000000000000000111111111111111111100000000000000000000000000000001111111100
01000000011111111111111110000000000011111111111111111111111110000000000000000000000000000011111111100
01110000111111111111111111100001111111111111111111111111111110000000000000000000000000001111111111000
01111111111111111111111111110011111111111111111111111111111110000000000000000000000011111111111111000
01111111111111111111111111111011111111111111111111111111111110000000000000000000000111111111111110000
01111111111111111111111111110011111111111111111111111111111110000000000000000000001111111111111000000
01111111111111111111111111000001111111111111111111111111111110000000000000000000001111111111000000000
01111111111111111111111100000001111111111111111111111111111110000000000000000000011111111110000000000
01110000011111111111110000000001111111110111111111111111111100000000000000000000011111111100000000000
00000000000011111110000000000001111111110000000000000000000000000000000000000000011111111100000000000
00000000000111111110000000000001111111100000000000000000000110000000000000000000001111111110000000000
00000000011111111110000000000001111111000000000000000000011110000000000000000000000111111111100000000
00000000011111111110000000000001111111000000000000000000111110000000000000000000000111111111110000000
00000000011111111110000000000001111110000000000000000000111111000000000000000000000011111111111000000
00000000011111111100000000000000111110000000000000000000011111000000000000000000000011111111111000000
00000000011111111100000000000000111110000000000000000000011111000000000000000000000011111111111000000
00000000001111111000000000000000111110000000000000000000001111000000000000000000000001111111110000000
00000000001111100000000000000001111111000000000000000000000110000000000000000000000001111111100000000
00000000000000000000000000000001111111100000011100000000000010000000000000000000000001111111000000000
00000000000000000000000000000001111111110011111110000000000000000000000000000000000000000000000000000
00000000000000000000000000000000111111110001111000000000000000000000001111111111111111000000000000010
00000000000000000000000000000000111111110000000000000000000000000111111111111111111111000000000000110
00000000000000000000000000000000111111100000000000000000000000011111111111111111111111000000000001110
00000000000000000000000000000000011111100000000000000000000000111111111111111111111111000000000001110
00000000000000000000000000000000011111100000000000000000000000111111111111111111111111000000000011110
00000000000000000000000000000000001111000000000000000000000001111111111110000111111111000000000011110
00000000000000000000000000000000001111000000000000000000000001111111111100000011111110000000000011110
00000000000000000000000000000000000000000000000000000000000001111111111000000001111100000000000011110
00000000000000000000000000000000000000000000000000000000000001111111111000000000111000000000000001110
00000000000000000000000011100000000000000000000000000000000001111111110000000000000000000000000000000
00000000000001111111111111111000011111111100000000000000000001111111110000000000000000000000000000000
00000000000011111111111111111000111111111111000000000000000001111111110000000000000000000011100000000
01000000000011111111111111111000111111111111110000000000000001111111110000000000000000000011110000000
01000000000011111111111111111000111111111111110000000000000001111111111000000000000000000111111000000
01100000000011111111111111111000111111111111110000000000000001111111111000000000000000000111111000000
01110000000011111111111111111000111111111111100000000000000001111111111000000000000000000111111100000
01110000000011111111111111111000111111111111000000000000000001111111110000000000000000000011111110000
01110000000011111111111111110000111111111110000000000000000001111111110000000000000000000011111111000
01110000000011111111111110000000111111111000000000000000000001111111110000000000000000000001111111100
00000000000011111110000000000000111111100000000000000000000001111111110000000000000000000001111111110
00111111100111111100000000000011111100000000000000000000000000111111100000000000000000000001111111110
01111111111111111000000000000111111100000000000000000000000000011110000000000000011111110000111111110
01111111111111111000000000000111111000000000000000000000000000000000000000000000111111111000111111110
01111111111111111000000000000111111000000000000000000000000000000000000000000000111111111000111111110
01111111111111111100000000000111111100000000000000000000000000000000000000000000111111111000111111110
01111111111111111100000000000111111100000000000000000000000000000000000000000000111111111100011111110
01111111111111111100000000000011111100000000000000000000000000000000000000000000111111111100001111110
01111111111111111110000000000011111110000000000000000000000000000000000000000000011111111100000000000
00000000000111111110000000000011111111000000011110000000000000000000000000000000011111111100000000000
00000000000111111111000000000001111111110111111111000000000000000000000000000000011111111100000000000
00000000001111111111000000000000111111111111111111000000000000000000000000000000011111111100000000110
00000001111111111111000000000000111111111111111111000000000000000000000000000000011111111100111111110
00000011111111111111000000000000011111111111111111000000000000000000000000000000011111111111111111110
00000011111111111111000000000000011111111111111111000000000000000000000000000000001111111111111111110
00000111111111111111000000000000011111111111111111000000000000000000000000000000001111111111111111110
00000111111111111111000000000000011111111111111111000000000000000000000000000000001111111111111111110
00000111111111111111000000000000011111111111111110000000000000000000000000000000001111111111111111110
00000111111111111100001111100000011111111111111110000000000000000000000000000000000111111100111111110
00000111111000000000011111111000011111111111111100000000000000000000000000000000000111111000000000110
00000000000000000000000000000000000000000000000000000000000000000000000000000000000000000000000000000



00000000000000000000000000000000000000000000000000000000000000000000000000000000000000000000000000000
01111000111111111111111111111111110001111111111111111111111110000000001111111111110000000111111111110
01111110111111111111111111111111111111111111111111111111111110000000000111111111111000000111111111110
01111111111100000011111111111111111111111111111111011111111110000000000111111111111000000111111111110
01111111111000000001111111111111111111111111111110011111111110000000000111111111111000000111111111110
01111111111000000001111111111111111111111111111110011111111110000000000111111111111000000111111111110
01111111111000000001111111111111111111111111111110011111111110000000000111111111111000000111111111110
01111111111000000001111111111111111111111111111110011111111110000000000111111111111000000111111111110
01111111111000000000111111111111111111111111111111111111111111000000000111111111111000000111111111110
01111111111000000000111111111111111111111111111111111111111111000000001111111111111000000111111111110
01111111111000000000111111111111111111111111000111111111111111000000011111111111110000000111111111110
01111111111100000001111111111111111111110000000011111111111111110000111111111111111000001111111111110
01111111111110000001111111111111111110000000000011111111111111111111111111111111111111111111111110000
01111111111111000011111111111100000000000000000011111111111111111111111111111111111111111111111100000
01111111111111111111111111111100000000000000000001111111111111111111111111111111111111111111111000000
01111111111111111111111111111100000000000000000001111111111111111111111111111111111111111111111000000
01111111111111111111111111111100000000000000000001111111111111111111111111111111111111111111111000000
01111111111111111111111111111100000000000000000011111111111111111111111111111111111111111111111000000
01111111111111111111111111111110000000000000000011111111111111111111111111111111111111111111111110000
01111111111111111111111111111111100000000000000011111111111111111111111111111111111111111111111111110
01111111111111111111111111111111111111111111111111111111111111111111111111111111111111111111111111110
01111111111111111111111111111111111111111111111111111111111111111111111111111111111111111111111111110
01111111111111111111111111111111111111111111111110011111111111111111111111111111111111111111111111110
01111111111111111111011111111111111111111111111100011111111100111111111111111111111111111111111111110
01111111111111111100011111111111111111111111111100001111111100011111111111111111111111111111111111110
01111111111111110000011111111111111111111111111110001111111100011111111111111111111111111111111111110
01111111111111100000011111111111111111111111111110001111111100011111111111111111111111111111111111110
01111111111111000000011111111111111111111111111110001111111100011111111111111111111111111111111111110
01111111111111000000111111111111111111111111111111011111111110001111111111111111111111111111111111110
01111111111110000000111111111111111111111111111111111111111111100111111111111111111111111111111111110
01111111111100000001111111111111111111111111111111111111111111100000111111111111111111111111111111110
01111111110000000000111111111111111111111111111111111111111111111111111111111111111111111111111111110
01111111100000000000111111111111111111111111111111111111111111111111111111111111111111111111111111110
00111110000000000000111111111001111111111111111111111111111111111111111110000111111111111111111111110
00000000000000000000011111000000011111111111111111111111111111111111111100000011111111111111111111110
00000000000000000000001111000000001111111111111111111111111111111111111100000001111111111111000011110
00000000000000000000011111110000000111111111111111111111111111111111111100000001111111111111000001110
00000000000000000000111111111100000111111111111111111111111111111111111000000001111111111111000000110
00000000000000000000111111111111111111111111111111111111111111111111111000000001111111111111000000110
01111110000000000111111111111111111111111111111111111111111111111111111000000001111111111111000000010
01111111111111111111111111111111111111111111111111111111111111111111111000000000111111111110000000000
01111111111111111111111111111111111111111111111111111111111111111111111000000000111111111100000000000
01111111111111111111111111111111111100000000001111111111111111111111110000000000011111111000000000000
01111111111111111111111111111111111100000000000111111111111111111111100000000000011111111000000000000
01111111111111111111111111111111111110000000000011111111111111111110000000000000001111110000000000000
01111111111111111111111111111111111110000000000011111111111111111000000000000000001111100000000000000
01111111111111111111111111111111111111000000000001111111111111100000000000000000001111100000000000000
01111111111111111111111111111111111111100000000001111111111111100000000000000000001111110000000000000
01111111111111111111111111111111111111110000000001111111111111000000000000000000011111111000000000000
01111111111111111111111111111111111111111000000001111111111111000000001111111111111111111100000000010
01000000011111111111111111111111111111111100000001111111111111000000011111111111111111111111100000110
01000000001110000111111111111111111111111100000000111111111111100000111111111111111111111111100000110
01000000000000000001111111111111111111111110000000111111111111111111111111111111111111111111100000110
01000000000000000000011111111111111111111110000000011111111111111111111111111111111111111111100000110
01000000000000000000011111111111111111111111000000011111111111111111111111111111111111111111100000110
01000000000000000000011111111111111111111111110000011111111111111111111111111111111111111111100000110
01000000000000111111011111111111111111111111111100011111111111111111111111111111111111111111100000010
01000000000011111111011111111111111111111111111111011111111111111111111111111111111111111111000000010
01000000000111111111111111111111100000111111111111111111111111111111111111111111111111111111000000010
01000000001111111111111111111111000000011111111111111111111111111111111111111111111111111111000000010
01000000011111111111111111111110000000001111111111111111111111000000011111111111111111111111000000010
00000000011111111111111111111111000000001111111111111111111111000000111111111111111111111111100000110
00000000011111111111111111111111000000001111111111111111111111000000111111111111111111111111111111110
00000000111111111111111111111111100000001111111111111111111110000000111111111111111111111111111111110
00000000111111111111111111111111110000001111111111111111111110000000111111111111111111111111111111110
00000000111111111111111111111111111000011111111111111111111110000001111111111111111111111111111111110
00000000111111111111111111111111111111111111111111111111111110000001111111111111111111111111111111110
00000000111111111111111111111111111111111111111111111111111110000001111111111111111111111111111111110
00000000111111111111111100001111111111111111111111111111111111000001111111111111111111111111111111110
00000000011111111111110000000111111111111111111111111111111111000000111111111111111111111111100000110
01000000011111111111100000000011111111111111111111111111111111100000111111111111111111111111000000010
01000000001111111111110000000011111111111111111111111111111111110000011111111111111111111000000000000
01000000000111111111110000000011111111111111111111111111111111111000000000001111111000000000000000000
01000000000111111111110000000011111111111111111111111111111111111100000000000000100000000000000000000
01000000000111111111110000000011111111111111111111111111111111111100000000000000000000000000000000000
01000000000111111111111000000011111111111111111111111111111111111110000000000000000000000000000000000
01000000000111111111111100000111111111111111111111111111111111111111000000000000000000000000000000000
01000000000111111111111111111111111111111111111111111111111111111111100000000000100000000000000000000
01000000000111111111111111111111111111111111111111111111111111111111110000000111100000000000000000000
01000000001111111111111111111111111111111111111111111111111111111111111111111111100000000000111111110
00000000001111111111111111111111111111111111111111111111111111111111111111111111110000000111111111110
01000000111111111111011111111111111111111111111111111111110001111111111111111111111000011111111111110
01111111111111111111000111111111111111111111111111111111100000111111111111111111111111111111111111110
01111111111111111110000001111111111111111111111111111111100000011111111111111111111111111111111111110
01111111111111111110000001111111111111111111111111111111100000001111111111111111111111111111111111110
01111111111111111110000001111111111111111111111111111111110000001111111111111111111111111111111111110
01111111111111111100000001111111111111111111111111111111110000000111111111111111111111111111111111110
01111111111111111100000011111111100011111111111111111111111000000111111111111111111111111111111111110
01111111111111111110001111111111000001111111111111111111111000000111111111111111111111111111111111110
01111111111111111111011111111111000000111111111111111111111100000111111111111111111111111111111111110
01111111111111111111111111111111000000011111111111111111111111111111111111111111111111111111100000110
01111111111111111111111111111111100000001111000000011111111111111000111111111111111111111111000000000
01111111110001111111111111111111110000000000000000011111111111111100000111111111111111111110000000000
01111111110000111111111111111111110000000000000000001111111111111100000000000000001111111110000000000
01111111100000011111111111111111111000000000000000001111111111111100000000000000001111111110000000000
01111111100000011111111111111111111000000000000000001111111111111100000000000000011111111110000000000
01111111100000111111111111111111111100000000000000001111111111111110000000000000011111111110000000000
01111111100000111111111111111111111100000011111000001111111111111111000000000000011111111110000000000
01111111100011111111111111111111111110000111111110011111111111111111100000000000111111111110000000000
01111111111111111111111111111111111111111111111111011111111111111111111000000000111111111110000000000
00000000000000000000000000000000000000000000000000000000000000000000000000000000000000000000000000000



00000000000000000000000000000000000000000000000000000000000000000000000000000000000000000000000000000
01000000000011111111111111111111111111111000000111100000000011111111111111111111111000000001111111110
01100000000000011111111111111111111111100000000011100000000011111111111111111111111000000000011111110
01100000000000001111111111111111111111100000000011100000000001111111111111111111111000000000000111110
01100000000000000111111111111111111111100000000001100000000001111111111111111111111000000000000001110
01100000000000000111111111111111111111100000000001110000000000111111111111111111111000000000000000010
01100000000000000011111111111111111111110000000001110000000001111111111111111111111000000000000000000
01100000000000000011111111111111111111110000000001111000000001111111111111111111111000000000000000000
01100000000000000011111111111111111111110000000001111111111111111111111111111111110000000000000000000
01100000000000000111110000000111111111111000000011111111111111111111111111111111110000000000000000000
01000000011111111111100000000011111111111110000011111111111111111111111111111111100000000011000000010
01111111111111100000000000000011111111110000011111111111111111111111111111111111100000001111111111110
01111111111111100000000000000111111111110000011111111111111111111111111111111111100000011111111111110
01111111111111100000000000000111111111110000011111111111111111111111111111111111100000111111111111110
01111111111111110000000000000111111111100000011111111111111111100011111111111111100001111111111111110
01111111111111110000000000000111111111100000011111111111111111000001111111111111100011111111111111110
01111111111111111000000000000111111111100000011111111111111111000001111111111111100011111111111111110
01111111111111111100000000000111111111100000011111111111111111000000111111111111100011111111111111110
01111111111111111110000000000111111111100000001111111111111110000000011111111111110011111111111111110
01110000011111111111000000000111111111110000000111111111111110000000011111111111110001111111111111110
01000000011111111111110000000111111111111100000001111111111110000000001111111111110000000110000000000
01000001111111111111111100000000001111111111110011111111111111000000000111111111000000000000000000000
01001111111111111111111110000000001111111111111111111111111111000000000011111111000000000000000000000
01111111111111111111111110000000001111111111111111111111111111000000000001111110000000000000000000000
01111111111111111111111110000000001111111111111111111111111111000000000000111100000000000000000000000
01111111111111111111111110000000001111111111111111111111111111000000000000011000000000000000000000000
01111111111111111111111110000000011111111111111111111111111111000000000000000000000000000000000000000
01111111111111111111111111000000011111111111111111111111111111000000000000011000000000000000000000000
01111111111111111111111111000000111111111111111111111111111111000000000001111110001111110000000000000
01111111111111111111111111100001111111111111111111111111111110000000000111111111011111111100000000000
01111111111111111111111111111111111111111100000001111111111110000000001111111111111111111110000000000
01111111110000000000111111111111111111111000000000011111111100000000001111111111111111111111100000000
01111111100000000000000111111111111111111000000000000011111000000000001111111111111111111111100000000
01111111000000000000000111111111111111110000000000000000000000000000001111111111111111111111100000000
01111111000000000000000011111111111111110000000000000000000000000000001111111111111111111111100000000
01111111000000000000000011111111111111110000000000000000000000000000001111111111111111111111100000000
01111111100000000000000011111111111111110111110000000000000000000000001111111111111111111111100000000
01111111100000000000000111111111111111110111111100000000000000000000001111111111111111111111100000000
01111111110000000000000111111111111111111111111110000000000000000000001111111111111111111111100000000
01111111110000000000111111111111111111111111111111000000000000000000111111111111111111111111000000000
01111111111000000000111111111111111111111111111111100000000011111111111111111111111111111110000000000
01111111111000000000111111111111111111100111111111110000000111111111111111111111111111111000000000010
01111111111100000000111111111111111111000011111111111000000111111111111111111111111111110000000000110
00111111111110000000100111111111111110000011111111111110011111111111111111111111111111100000000001110
00111111111111100000000001111111111110000001111111111111111111111111111111111111111111100000000011110
00111111111111111111000000111111111110000001111111111111111111111111111111111111111111100000000011110
00111111111111111111000000011111111110000001111111111111111111111111111111111111111111100000000111110
00111111111111111111100000011111111111000000111111111111111111111111111111111111111111110000000111110
00111111111111111111100000001111111111000000111111111111111111111111111111111111111111111000011111110
01111111111111111111100000000111111111110000011111111100001111111111111110000001111111111100111111110
01111111111111111111100000000011111111111100000001110000000111111111111000000000111111111111111111110
01111111111111111111100000000000111111111100000000000000000011111111111000000011111111111111111111110
00011111111111111111100000000000001111111100000000000000000011111111111000001111111111111111111111110
00011111111111111111100000000000000011111100000000000000000001111111110000111111111111111111111111110
00011111111111111111100000000000000001111100000000000000000001111111110011111111111111111111111111110
00011111111111111111110000000000000000111100000000000000000001111111110111111111111111111111111111110
00011111111100000001111100000000000000111100000000000000000001111111110111111111111111111111111111110
00111111111000000000111111100000000000111110000000000000000001111111110111111111111111111111111111110
01111111111000000000111111111000000000111111000000000000000011111111111111111111111111111111111000010
01111111111000000000111111111100000000111111111000000000000011111111111111111111111111111111100000010
01111111111000000000111111111111111011111111111111100000000011111111111111111111110000000111100000110
01111111110000000001111111111111111111111111111111110000000111111111111111111111000001111111110000000
01111111100000000001111111111111111111111111111111111110001111111111111111111110000111111111111000000
01111111100000000011111111111111111111111111111111111111111111111111111111111100001111111111111000000
01111111000000000011111111111111111111111111111111111111111111111111111111111000001111111111111000000
01111111000000000011111111111111111111111111111111111111111111111111111111100000001111111111111000000
01111111000000000011111111111111111111111111111111111111111111111111111111000000001111111111111000000
01111111000000000111111111111111111111111111111111111111111111111111111110000000011111111111110000000
01111111100000000111111111111111111111111111111111111111111111110001111100000000011111111111110000000
01111111110000001111111111111111111111111111111111111111111111000000011100000000011111111111100000000
01111111111111111111111111111111111111111111111111111111111110000000001000000000111111111111000000010
01111111111111111111111111111111111111110000000111111111111100000000001000000001111111111100000000110
01111111111111111111111000000111111111000000000011111111111100000000001000000011111111111000000001110
01111111111111111111110000000011111111000000000001111111111100000000001000001111111111110000000011110
01111111111111111111110000000011111111000000000001111111111000000000001100011111111111110000000011110
01111111111111111111110000000011111111000000000001111111111000000000001111111111111111110000000011110
01111111111111111111100000000011111111100000000001111111111000000000001111111111111111100000000111110
01111111111111111111100000000011111111100000000001111111111000000000001111111111111111100000000111110
01111111111111111111100000000011111111110000000001111111111100000000001111111111111111110000000111110
01111111111111111111100000000011111111110000000001111111111100000000001111111111111111111000001111110
01111111111111111111100000000011111111111100000001111111111110000000001111111111111111111111111111110
01111111111111111111100000000011111111111000000000111111111110000000001111111110000111111111111100000
01111111111111111111110000000111111111111000000000011111111111000000000111111100000000001111111000000
01111111111111111111110000001111111111111000000000011111111111000000000111111100000000000111111000000
01111111111111111111110000001111111111110000000000011111111111000000000111111100000000000111111000000
01111111111111111111111000111111111111110000000000011111111111000000000111111100000000000111111100000
01111111111111111111111111111111111111110000000000011111111111000000000111111110000000000011111100000
01111111111111111111111111111111111111111000000000011111111111000000000111111110000000000011111110000
01111111111111111111111111111111111111111000000000011111111110000000000111111111000000000011111111000
01111111111111111111111111111111111111111000000000111111111110000000001111111111000000000011111111110
01111111111111111111111111111111111111111000000000111111111110000000001111111111100000000011111111110
00000000111111110000000000000001111111111000000000011111111110000000000111111111110000001111111111110
00000000011100000000000000000000011111111000000000011111111100000000000111111111111111111111111111110
00000000001000000000000000000000001111111000000000001111111100000000000011111111111111111111111111110
00000000001000000000000000000000000111111000000000001111111100000000000011111111111111111111111111110
00000000001000000000000000000000000011111000000000001111111100000000000011111111111111111111111111110
00000000001000000000000000000000000001111000000000000111111100000000000001111111111111111111111111110
00000000001000000000000000000000000000111100000000000111111100000000000001111111111111111111111111110
00000000011000000000000000000000000000111100000000001111111100000000000001111111111111111111111111110
00000000011100000000001111111100000000111111110000011111111110000000000001111111111111111111111111110
00000000000000000000000000000000000000000000000000000000000000000000000000000000000000000000000000000



00000000000000000000000000000000000000000000000000000000000000000000000000000000000000000000000000000
00000000000000000000000000000000000000000111111110000000000000000000000000000000000000000000000000000
00000000000000000000000000000000000001111111111110000000000000000000000000000000000000000000000000000
00000000000000000000000000000000000001111111111110000000000000000000000000000000000000000000000000000
00000000000000000000000000000000000000111111111110000000000000000000000000000000000000000000000000000
00000000000000000000000000000000000000111111111110000000000000000000000000000000000000000000011100000
00000000000000000000000000000000000000011111111110000000000000000000000000000000000000000000111111000
00000000000000000000000000000000000000011111111000000000000000000000000000000000000000000000111111100
00000000000000001000000000000000000000001111000000000000000000000000000000000000000000000000111111100
00000000000001111110000000000000000000000000000000000000000000000000000000000000000000000000111111100
00000000000011111110000000000000000000000000000000000000000000000000000000000000000000000000111111100
00000000000111111110000000000000000000000000000000000000000000000000000000000000000000000001111111110
00000000000111111110000000000000000000000000000000000001100000000000000000000111100000000011111111110
00000000000111111111000000000000000000000000000000000111111000000000000000001111100000000011111111110
00000000000111111111000000000000000000000000000000000111111000000000000000011111110000000111111111110
00000000000111111111000000000000000000000000000000001111111000000000000000011111110000000111111111110
00000000000111111111000000000000000000000000000000001111111100000000000000111111110000000111111111110
00000000000111111111000000000000000000000000000000001111111100000000000000111111110000000111111111110
00000000000111111110000000000000000100000000000000001111111000000000000001111111100000000010000000000
00000000000111111110000000000000011111000000000000001111111000000000000001111111000000000000000000000
00000000000011111110000000000000111111100000000000001111111000000000000011111110000000000000000000000
00000000000011111110000000000000011111100000000000001111111100000000000011111100000000000000000000000
00000000000011111110000000000000011111100000000000000111111110000000000111111000000000000000000000000
00000000000001111110000000000000001111000000000000000111111110000000000111100000000000000000000000000
00000000000000111100000000000000000000000000000000000111111111000000001111000000000000000000000000000
00000000000000011000000000000000000000000000000000000111111111100000001100000000000000000000000000000
00000000000000000000000000000000000000000000000000000111111111111000001000000000000000000000000000000
00000000000000000000000000000000000000000000000000000111111111111110000000000000000000000000000000000
00000000000000000000000000000000000000000000000000000011111111111111000000000000000000000000000000000
00001110000000000000000000000000000000000000000000000011111000011110000000000000000000000000000000000
00011111000000000000000000000000000000000000000000000011100000000000000000000000000000000000000100000
01111111000000000000000000000000000000000000000000000000000000000000000000000000000000000000111111110
01111110000000000000000000000010000000000000000000000000000000000000000000000000100000000001111111110
01111100000000000000000000000111000000000000000000000000000000000000000000000001100000000011111111110
01111000000000000000000000001111000000000000000000000000000000000010000000000011110000000011111111110
01110000000000000000000000001111000000000000000000000000000000000111000000000111110000000011111111110
01100000000000000000000000001111000000000000000000000000000000001111000000000111110000000011111111110
01000000000000000000000000000111000000000000000000000000000000001111100000000111100000000011111111110
00000000000001111000000000000110000000000000000000000000000000011111100000000001100000000000000000110
00000000000011111100000000000000000000000000000000000000000000011111100000000000000000000000000000000
00000000000011111110000000000000000000000001111100000000000000111111100000000000000000000000000000000
00000000000011111110000000000000000000000001111110000000000000111111000000000000000000000000000000000
00000000000001111110000000000000000000000011111111000000000000111100000000000000000000000000000000000
00000000000000111100000000000000000000000011111111110000000000000000000000000000000000000000000000000
00000000000000000000000000000000000000000011111111111110000000000000000000000000000000000000000000000
00000000000000000000000000000000000000000011111111111111111000000000000000000000000000000000000000000
00000000000000000000000000000000000000000001111111111111111100000000000000000000000000000000000000000
00000000000000000000000000000000000000000000001111111111111100000000000000000000000000000000000000000
00000000000000000000000000000000000000000000000000011111111000000000000000000000000000000000000000000
00000000000000000000000000000000000000000000000000001111111000000000000000000000000000000000000000000
00001110000000000000000000000000000000000000000000000111110000000000000000000000000000000000000000000
00000000000000000000000000000000000000000000000000001111110000000000000000000000000000000000111100000
00000000000000000000000000000000000000000000000000001111110000000000001111000000000000001111111110000
00000000000000000000000000000000000000000000000000001111110000000000011111110000000000011111111110000
00000000000000000000000000000000000000000000000000001111110000000000011111110000000000011111111110000
00000000000000000000000000000000000000000000000000001111100000000000011111111000000000011111111100000
00000000000011100000000000000000000000000000000000000111000000000000011111111000000000001111111000000
00000000000011110000000000000000000000000000000000000000000000000000011111111100000000000111110000000
00000000000011110000000000000000000000000000000000000000000000000000001111111100000000000011000000000
00000000000001111000000001100000000000000000000000000000000000000000000111111100000000000000000000000
00000000000001111100000011100000000000000000000000000000000000000000000011111110000000000000000000000
00000000000000000000000000000000000000000000000000000000000000000000000000011000000000000000000000000
00000000000000000000000000000000000000000000000000000000000000000000000000000000000000000000000000000
00000000000000000000000000000000000000000000000000000000000000000000000000000000000000000000000000000
00000000000000000000000000000000000000000000000000000000000000000000000000000000000000000000000000000
00000000000000000000000000000000000000000000000000000000000000000000000000000000000000000000000000000
00000000000000000000000000000000000000000000000000000000000000000000000000000000000000000000000000000
00011110000000000000000000000000000000000000000000000000000000000000000000000000000000000000000000000
00011111000000000000000000000000000000000000000000000000000000000000000000000000000000000000000000000
00111111100000000000000000000000000000000000000000000000000000000000000000000000000000000000000000000
00111111100000000000000000000000000000000000000000000000000000000000000000000000001111111000000000000
00111111110000000000000000000000000000000000000000000000000000000000000000000000001111111100000000000
00011111110000000000000000000000000000000000000000000000000000000000000000000000001111111110000000000
00011111110000000000000000000000000000000000000000111100000000000000000000000000001111111111000000000
00001111111000000000000001100000000000000000000001111100000000000000000000000000001111111111000000000
00001111111000000000000011110000000000000000000001111110000000000000000000000000000111111111100000000
00000111111000000000000111110000000000000000000001111110000000000000000000000000000111111111100000000
00000000000000000000000111111000000000000000000000111111000000000000000000000000000111111111000000000
00000000000000000000000111111000000000000000000000011111000000000000000000000000000111111110000000000
00000000000000000000001111111000000000000000000000001111100000000000000000000000000111111100000000000
00000000000000000000001111111000000000000000000000000111110000000000000000000000000111110000000000000
00000000000000000000001111110000000000000000000000000001110000000000000000000000000000000000000000000
00000000000000000000011111110000000000000000000000000000000000000000000000000000000000000000000000000
01000000000000000000011111100000000000000000000000000000000000000000000000000000000000000000000000000
01100000000000011111011111000000000000000000000000000000000000000000000000000000000000000000000000000
01100000000000111111111000000000000000000000000000000000000000000000000000000000000000000000000000000
01100000000000111111000000000000000000000000000000000000000000000000000000000000000000000000000000000
01000000000001111111000000000000000000000000000000000000000000000000000000000000000000000000000000000
00000000000001111111000000000000000000000000000000000000000000000000000000000000000000000000000000000
00000000000011111111000000000000000000000000000000000000000000000000000000000000000000000000000000000
00000000000011111110000000000000000100000000000000000000000000000000000000000000000000000000000000000
00000000000111111111000000000001111111000000000000000000000000000000000000000000000000000000000000000
00000000000111111111000000000111111111100000000000000000000000000000000000000000000000000000000000000
00000000000111111111000000001111111111110000000000000000000000000000000000000000000000000000000000000
00000000001111111111000000111111111111110000000000000000000000000000000000000000000000000000000000000
00000000001111111111000001111111111111110000000000000000000000000000000000000000000000000000000000000
00000000001111111111000001111111111111110000000000000000000000000000000000000000000000000000000000000
00000000000111111111000000111111111111000000000000000110000000000000000000000000000000000000000000000
00000000000011111110000000001111100000000000000000001111100000000000000000000000000000000000000000000
00000000000000110000000000000000000000000000000000001111110000000000000000000000000011100000000000000
00000000000000000000000000000000000000000000000000000000000000000000000000000000000000000000000000000